    45    55    29    71
   173    55    29    71
   301    55    29    71
   429    55    29    71
   557    55    29    71
   685    55    29    71
   813    55    29    71


    37   443    39    69
   164   443    42    69
   281   443    54    69
   411   443    49    69
   540   443    38    69
   680   443    36    69
   804   443    41    69
   922   443    52    69
  1050   443    50    69
  1182   443    36    69

    47  1210    27    70
   177  1210    26    70
   304  1210    64    70
   433  1210    71    70
   561  1210    79    70  